1147.0
1143.0
1141.0
1141.0
1147.0
1156.0
1171.0
1184.0
1205.0
1222.0
1249.0
1271.0
1300.0
1330.0
1367.0
1411.0
1466.0
1513.0
1561.0
1604.0
1651.0
1711.0
1763.0
1810.0
1858.0
1898.0
1952.0
2011.0
2056.0
2098.0
2140.0
2173.0
2234.0
2272.0
2305.0
2335.0
2371.0
2417.0
2455.0
2486.0
2522.0
2539.0
2564.0
2587.0
2606.0
2624.0
2636.0
2648.0
2654.0
2659.0
2660.0
2656.0
2644.0
2631.0
2616.0
2593.0
2574.0
2553.0
2526.0
2499.0
2467.0
2428.0
2389.0
2341.0
2301.0
2256.0
2205.0
2166.0
2116.0
2070.0
2026.0
1980.0
1933.0
1879.0
1836.0
1794.0
1746.0
1707.0
1668.0
1627.0
1587.0
1558.0
1524.0
1497.0
1471.0
1446.0
1413.0
1381.0
1347.0
1312.0
1293.0
1276.0
1255.0
1243.0
1227.0
1213.0
1198.0
1183.0
1205.0
1234.0
1261.0
1291.0
1316.0
1351.0
1379.0
1411.0
1432.0
1447.0
1456.0
1474.0
1493.0
1526.0
1556.0
1597.0
1636.0
1679.0
1717.0
1753.0
1789.0
1814.0
1837.0
1855.0
1868.0
1874.0
1918.0
1951.0
1984.0
2018.0
2053.0
2086.0
2104.0
2125.0
2147.0
2177.0
2210.0
2252.0
2290.0
2321.0
2351.0
2375.0
2396.0
2414.0
2429.0
2428.0
2392.0
2373.0
2343.0
2308.0
2280.0
2253.0
2217.0
2182.0
2152.0
2119.0
2077.0
2034.0
1995.0
1960.0
1929.0
1888.0
1852.0
1815.0
1780.0
1747.0
1728.0
1733.0
1745.0
1772.0
1798.0
1826.0
1859.0
1897.0
1937.0
1972.0
2003.0
2038.0
2068.0
2093.0
2120.0
2135.0

