1052.0
982.0
907.0
845.0
785.0
727.0
664.0
617.0
557.0
515.0
466.0
434.0
406.0
377.0
350.0
325.0
301.0
284.0
269.0
257.0
247.0
235.0
229.0
224.0
223.0
223.0
224.0
228.0
234.0
240.0
251.0
260.0
281.0
299.0
315.0
332.0
354.0
384.0
417.0
453.0
509.0
542.0
590.0
632.0
671.0
714.0
747.0
794.0
840.0
885.0
942.0
1008.0
1070.0
1130.0
1187.0
1241.0
1283.0
1323.0
1364.0
1398.0
1433.0
1472.0
1505.0
1539.0
1563.0
1583.0
1602.0
1614.0
1626.0
1635.0
1643.0
1653.0
1661.0
1667.0
1668.0
1668.0
1666.0
1663.0
1658.0
1648.0
1631.0
1616.0
1594.0
1576.0
1555.0
1532.0
1492.0
1448.0
1399.0
1345.0
1303.0
1259.0
1217.0
1187.0
1148.0
1115.0
1076.0
1048.0
1009.0
988.0
967.0
940.0
917.0
893.0
875.0
854.0
830.0
793.0
760.0
727.0
701.0
677.0
661.0
646.0
634.0
632.0
636.0
638.0
653.0
675.0
702.0
734.0
765.0
798.0
803.0
799.0
794.0
791.0
803.0
781.0
751.0
715.0
686.0
662.0
650.0
644.0
641.0
650.0
669.0
695.0
726.0
758.0
786.0
825.0
875.0
909.0
933.0
963.0
984.0
1007.0
1038.0
1064.0
1085.0
1101.0
1113.0
1122.0
1133.0
1142.0
1149.0
1157.0
1161.0
1163.0
1167.0
1176.0
1206.0
1239.0
1275.0
1301.0
1322.0
1337.0
1349.0
1355.0
1356.0
1354.0
1346.0
1334.0
1316.0
1295.0
1267.0
1238.0

